name: NoSQL
channels:
  - conda-forge
  - defaults
dependencies:
  - backcall=0.1.0=py37_0
  - ca-certificates=2019.1.23=0
  - certifi=2018.11.29=py37_0
  - click=7.0=py37_0
  - dbus=1.13.6=h746ee38_0
  - decorator=4.3.2=py37_0
  - expat=2.2.6=he6710b0_0
  - flask=1.0.2=py37_1
  - fontconfig=2.13.0=h9420a91_0
  - freetype=2.9.1=h8a8886c_1
  - glib=2.56.2=hd408876_0
  - gst-plugins-base=1.14.0=hbbd80ab_1
  - gstreamer=1.14.0=hb453b48_1
  - icu=58.2=h9c2bf20_1
  - ipython=7.2.0=py37h39e3cac_0
  - ipython_genutils=0.2.0=py37_0
  - itsdangerous=1.1.0=py37_0
  - jedi=0.13.2=py37_0
  - jinja2=2.10=py37_0
  - jpeg=9b=h024ee3a_2
  - libedit=3.1.20181209=hc058e9b_0
  - libffi=3.2.1=hd88cf55_4
  - libgcc-ng=8.2.0=hdf63c60_1
  - libiconv=1.15=h14c3975_1004
  - libpng=1.6.36=hbc83047_0
  - libstdcxx-ng=8.2.0=hdf63c60_1
  - libuuid=1.0.3=h1bed415_2
  - libxcb=1.13=h1bed415_1
  - libxml2=2.9.9=he19cac6_0
  - libxslt=1.1.32=h4785a14_1002
  - lxml=4.3.1=py37h23eabaa_0
  - markupsafe=1.1.0=py37h7b6447c_0
  - ncurses=6.1=he6710b0_1
  - nltk=3.4=py37_1
  - openssl=1.1.1a=h7b6447c_0
  - parso=0.3.2=py37_0
  - pcre=8.42=h439df22_0
  - pexpect=4.6.0=py37_0
  - pickleshare=0.7.5=py37_0
  - pip=19.0.1=py37_0
  - prompt_toolkit=2.0.8=py_0
  - ptyprocess=0.6.0=py37_0
  - pygments=2.3.1=py37_0
  - pymongo=3.7.2=py37he6710b0_0
  - pyqt=5.9.2=py37h05f1152_2
  - python=3.7.2=h0371630_0
  - python-docx=0.8.10=py_0
  - qt=5.9.7=h5867ecd_1
  - readline=7.0=h7b6447c_5
  - setuptools=40.8.0=py37_0
  - sip=4.19.8=py37hf484d3e_0
  - six=1.12.0=py37_0
  - sqlite=3.26.0=h7b6447c_0
  - tk=8.6.8=hbc83047_0
  - traitlets=4.3.2=py37_0
  - wcwidth=0.1.7=py37_0
  - werkzeug=0.14.1=py37_0
  - wheel=0.32.3=py37_0
  - xz=5.2.4=h14c3975_4
  - zlib=1.2.11=h7b6447c_3
  - pip:
    - dawg-python==0.7.2
    - docopt==0.6.2
    - pymorphy2==0.8
    - pymorphy2-dicts==2.4.393442.3710985
    - pymorphy2-dicts-ru==2.4.404381.4453942
prefix: /home/vfibyrf007/miniconda3/envs/NoSQL

